netcdf sparklingobs2002 {
dimensions:
	lake = 10 ;
	time = 365 ;
variables:
	float f_t_lake(lake, time) ;
		f_t_lake:_FillValue = 9.96921e+36f ;
		f_t_lake:long_name = "Observation" ;
	float lake(lake) ;
		lake:_FillValue = 9.96921e+36f ;
	int time(time) ;
data:

 f_t_lake =
  0.2444242, 0.1994646, 0.1391414, 0.1177273, 0.1003131, 0.08274747, 
    0.06361616, 0.04324242, 0.06329294, 0.08173738, 0.08908081, 0.05343435, 
    0.01047475, 0.009949499, 0.00710101, -0.01269697, -0.06371717, 
    -0.1316566, -0.1476061, -0.08019193, -0.06421212, -0.09073737, 
    -0.05487879, -0.1007071, -0.09446464, -0.03532323, -0.02063636, 
    -0.1430101, -0.3282525, -0.2094646, -0.2101111, -0.07849494, -0.1867778, 
    -0.1065353, -0.1765556, -0.1964747, -0.1640909, -0.06476767, -0.1110707, 
    -0.04334343, -0.02216161, -0.1131313, -0.1988182, -0.2750707, 
    -0.09238384, -0.03256566, -0.02488889, -0.08058586, -0.06282828, 
    0.003868684, 0.01003031, 0.008272728, 0.007030303, 0.0149091, 0.01466667, 
    0.01127273, 0.01107071, 0.01278788, 0.01286869, 0.01838384, 0.01218182, 
    -0.002898989, -0.1517172, -0.2439596, -0.1787475, -0.2394444, -0.1689596, 
    -0.06168686, -0.01639394, -0.006565654, -0.003888892, 0.005313133, 
    0.004707073, 0.005181824, -0.0006666642, 0.002484848, 0.0110404, 
    0.01735353, 0.04674747, 0.01503031, 0.007555558, 0.005555554, 
    -0.00476768, -0.001292926, 0.001262627, 0.003858587, 0.009414144, 
    0.01109091, 0.009171718, 0.008010103, 0.0109293, 0.00788889, 0.00908081, 
    0.004282827, 0.006040405, 0.005555558, 0.009595962, 0.01215152, 
    0.02055556, 0.01428283, 0.0470303, 0.1149596, 0.1558485, 0.2229293, 
    0.4703333, 0.7684041, 0.9785758, 1.940525, 3.29001, 3.08103, 3.452546, 
    3.252475, 3.253697, 4.117283, 4.049121, 4.207404, 4.278525, 4.137526, 
    4.290394, 4.607495, 5.362131, 5.249353, 5.626434, 5.359101, 5.811172, 
    5.978061, 6.494182, 6.238, 6.014515, 6.145071, 6.290081, 6.24796, 
    6.786717, 7.308909, 6.954626, 7.369313, 7.778909, 7.969313, 7.889717, 
    8.317292, 9.269919, 8.747697, 9.548101, 10.30919, 10.25919, 10.24798, 
    12.47677, 12.57818, 15.08939, 15.47727, 16.36839, 17.08879, 16.76919, 
    15.65081, 14.9996, 15.99889, 15.93151, 16.14434, 16.89949, 17.21475, 
    17.84354, 18.48838, 18.24758, 18.41758, 17.95919, 17.64879, 17.58879, 
    18.21677, 18.3496, 18.07919, 18.87677, 19.51354, 19.68394, 20.56697, 
    21.14869, 22.18061, 22.22798, 22.37677, 23.56808, 23.39596, 23.92636, 
    24.93434, 25.43869, 25.88515, 25.53879, 24.8004, 24.75677, 25.60384, 
    25.66677, 25.83879, 24.82121, 24.66556, 24.74434, 24.95192, 25.11677, 
    25.75626, 25.86677, 26.05394, 25.62838, 25.78909, 25.35758, 25.43354, 
    25.27717, 24.81677, 24.63717, 23.8904, 24.24192, 24.32556, 24.84748, 
    24.98636, 25.4403, 25.02919, 24.63879, 24.35758, 23.9496, 23.87556, 
    23.87636, 23.58838, 23.31838, 23.45596, 23.78636, 23.68839, 23.74434, 
    23.36879, 23.21959, 23.04798, 22.57798, 22.50677, 21.97879, 21.62757, 
    21.58758, 21.57758, 21.07, 21.12757, 21.40192, 21.59556, 22.15343, 
    22.82737, 22.16879, 22.27354, 22.59151, 22.86434, 22.61798, 22.42838, 
    22.18919, 21.95798, 22.20909, 21.4404, 21.08, 21.6303, 22.03394, 
    22.77828, 22.21919, 21.85677, 21.67798, 21.3896, 20.9904, 20.75758, 
    20.44879, 20.53596, 20.39919, 20.21919, 20.06, 19.75, 19.16, 18.35121, 
    17.84919, 17.23081, 16.70121, 16.65798, 16.28, 15.98, 16.05798, 16.50394, 
    15.95, 15.5696, 15.24, 14.9496, 14.50081, 14.0204, 13.7204, 13.5704, 
    13.3004, 13.35798, 13.1, 12.61, 12.18919, 11.75, 11.41, 11.18081, 
    10.76162, 10.41121, 10.0904, 9.661737, 9.279716, 8.891334, 8.849717, 
    8.581333, 8.431334, 8.182546, 8.101334, 7.980929, 7.810929, 7.630121, 
    7.30093, 7.001738, 6.905556, 6.65606, 6.474657, 6.281303, 6.158798, 
    6.175515, 6.151949, 6.128152, 5.91105, 5.703687, 5.470222, 5.299364, 
    4.981879, 4.805202, 4.732889, 4.56899, 4.502556, 4.303131, 4.259576, 
    4.043333, 3.952485, 3.640101, 3.006757, 2.249051, 0.8005757, 0.3171515, 
    0.8806667, 2.601242, 2.314727, 1.17096, 1.100151, 0.6909798, 0.5157071, 
    0.3773636, 0.2507475, 0.113101, -0.08016162, -0.05262626, -0.002464639, 
    0.05331314, 0.0530101, 0.04755557, -0.1737576, -0.7577374, -0.1656566, 
    0.03634343, 0.06705051, 0.04850505, -0.321, -0.3691616, -0.5557272, 
    -0.4837778, -0.3976666, -0.6453636, -0.6739495, -0.4127475, -0.6937979, 
    -0.06847474, -1.371636,
  0.5573636, 0.5356364, 0.4964545, 0.4899091, 0.4873636, 0.4665455, 
    0.4639091, 0.4586363, 0.4847273, 0.5057272, 0.5265455, 0.5101818, 
    0.4904546, 0.4869091, 0.4791818, 0.4605455, 0.4209091, 0.3648182, 
    0.3549091, 0.4074546, 0.4118182, 0.3822728, 0.4058182, 0.3667273, 
    0.3743636, 0.4228182, 0.4414546, 0.3571818, 0.2165455, 0.3053637, 0.301, 
    0.3959091, 0.309, 0.3676364, 0.309, 0.2895455, 0.3126363, 0.3908182, 
    0.3542727, 0.4031818, 0.4139091, 0.3403636, 0.2737273, 0.2132727, 
    0.3539091, 0.4011818, 0.407, 0.3645455, 0.3809091, 0.4343636, 0.4414546, 
    0.4410909, 0.4384546, 0.4456364, 0.444, 0.4440909, 0.4427273, 0.4428182, 
    0.4433636, 0.4460909, 0.4387273, 0.4231818, 0.3099091, 0.2392727, 
    0.2884546, 0.241, 0.2912727, 0.3713636, 0.4010909, 0.4041818, 0.405, 
    0.4153636, 0.4112727, 0.4087273, 0.398, 0.3962727, 0.4022727, 0.4046364, 
    0.4075454, 0.3544546, 0.35, 0.348, 0.3358182, 0.3362727, 0.3362727, 
    0.3365455, 0.3395455, 0.3393636, 0.3379091, 0.3358182, 0.3382728, 0.335, 
    0.3315454, 0.3279091, 0.3282727, 0.325, 0.3292727, 0.3292727, 0.34, 
    0.3379091, 0.3634546, 0.4367273, 0.5057272, 0.5962727, 0.869, 1.230727, 
    1.516636, 2.265545, 3.295818, 3.167454, 3.490182, 3.341455, 3.401454, 
    4.118909, 4.049818, 4.209727, 4.281545, 4.140545, 4.286909, 4.593091, 
    5.322636, 5.245636, 5.577182, 5.348182, 5.794909, 5.966909, 6.483727, 
    6.238, 6.011727, 6.139727, 6.290545, 6.247727, 6.762091, 7.302636, 
    6.946727, 7.365364, 7.772636, 7.965364, 7.888091, 8.301727, 9.154454, 
    8.734454, 9.537182, 10.30455, 10.25455, 10.23636, 12.22818, 12.45273, 
    14.74091, 15.28909, 16.35909, 17.08182, 16.76455, 15.65545, 14.99727, 
    15.82, 15.88273, 16.11182, 16.83909, 17.18455, 17.80636, 18.47909, 
    18.23364, 18.40364, 17.95454, 17.64182, 17.58182, 18.19818, 18.34727, 
    18.07454, 18.85818, 19.47636, 19.64909, 20.43455, 21.08364, 22.06909, 
    22.21636, 22.35818, 23.38455, 23.37273, 23.90545, 24.90182, 25.37364, 
    25.85727, 25.53182, 24.80273, 24.73818, 25.51091, 25.64818, 25.83182, 
    24.82818, 24.64, 24.71182, 24.90545, 25.09818, 25.67727, 25.84818, 
    26.01909, 25.61909, 25.72636, 25.34364, 25.39636, 25.26091, 24.79818, 
    24.62091, 23.89273, 24.19545, 24.3, 24.77546, 24.96545, 25.38455, 
    25.02455, 24.63182, 24.34364, 23.94727, 23.85, 23.85545, 23.57909, 
    23.30909, 23.43273, 23.76546, 23.67909, 23.71182, 23.36182, 23.21727, 
    23.03636, 22.56636, 22.48818, 21.97182, 21.61364, 21.57364, 21.56364, 
    21.07, 21.11364, 21.35545, 21.57, 22.05818, 22.69727, 22.16182, 22.23636, 
    22.54273, 22.83182, 22.60636, 22.41909, 22.18455, 21.94636, 22.14636, 
    21.44273, 21.08, 21.57454, 21.99909, 22.71091, 22.21454, 21.83818, 
    21.66636, 21.38727, 20.99273, 20.74364, 20.44182, 20.51273, 20.39454, 
    20.21454, 20.06, 19.75, 19.16, 18.35818, 17.84455, 17.23545, 16.70818, 
    16.64636, 16.28, 15.98, 16.04636, 16.46909, 15.95, 15.56727, 15.24, 
    14.94727, 14.50546, 14.02273, 13.72273, 13.57273, 13.30273, 13.34636, 
    13.1, 12.61, 12.18455, 11.75, 11.41, 11.18545, 10.77091, 10.41818, 
    10.09273, 9.671727, 9.27809, 8.899, 8.848091, 8.589, 8.439, 8.197182, 
    8.109, 7.986273, 7.816273, 7.630818, 7.306273, 7.011727, 6.903, 6.667909, 
    6.484182, 6.294545, 6.157636, 6.172728, 6.145909, 6.123273, 5.917091, 
    5.707636, 5.483, 5.301455, 5.004182, 4.829364, 4.761, 4.586182, 4.523, 
    4.332636, 4.268636, 4.051, 3.955273, 3.652182, 3.097364, 2.416091, 
    1.292636, 0.9792727, 1.425, 2.671636, 2.364909, 1.469727, 1.463273, 
    1.162364, 1.037273, 0.9314545, 0.8415455, 0.7461818, 0.6089091, 
    0.6452727, 0.6963637, 0.7393637, 0.7488182, 0.758, 0.5866364, 0.1522727, 
    0.6068182, 0.7628182, 0.7860909, 0.7529091, 0.461, 0.4119091, 0.2450909, 
    0.311, 0.4150001, 0.2495455, 0.2290909, 0.3994545, 0.2273637, 0.7165455, 
    -0.2655455,
  1.292091, 1.324909, 1.335364, 1.363727, 1.396091, 1.367636, 1.403727, 
    1.433909, 1.474182, 1.501182, 1.553636, 1.582546, 1.617364, 1.606727, 
    1.587546, 1.571636, 1.558727, 1.530455, 1.534727, 1.552364, 1.529455, 
    1.492818, 1.487455, 1.464182, 1.475091, 1.498455, 1.526364, 1.531546, 
    1.495637, 1.514091, 1.501, 1.509727, 1.473, 1.480909, 1.449, 1.430637, 
    1.431909, 1.460455, 1.446818, 1.451546, 1.437727, 1.405091, 1.383182, 
    1.359818, 1.401727, 1.419546, 1.421, 1.409636, 1.422727, 1.445091, 
    1.454364, 1.457273, 1.451364, 1.456909, 1.452, 1.460273, 1.456182, 
    1.452455, 1.454091, 1.450273, 1.440182, 1.423545, 1.393727, 1.373818, 
    1.385364, 1.369, 1.371818, 1.388091, 1.381273, 1.368546, 1.365, 1.378091, 
    1.365818, 1.356182, 1.334, 1.320818, 1.320818, 1.313909, 1.254636, 
    1.151364, 1.154, 1.152, 1.135455, 1.128818, 1.122818, 1.117636, 1.114636, 
    1.110091, 1.109727, 1.105455, 1.106818, 1.103, 1.088636, 1.087727, 
    1.084818, 1.075, 1.079818, 1.073818, 1.09, 1.097727, 1.106364, 1.192182, 
    1.327182, 1.472818, 1.805, 2.316182, 2.779909, 3.028636, 3.309454, 
    3.370364, 3.578546, 3.550364, 3.748364, 4.122727, 4.051455, 4.215182, 
    4.288636, 4.147636, 4.278727, 4.559273, 5.229909, 5.236909, 5.461545, 
    5.322546, 5.756727, 5.940727, 6.459182, 6.238, 6.005182, 6.127182, 
    6.291636, 6.247182, 6.704273, 7.287909, 6.928182, 7.356091, 7.757909, 
    7.956091, 7.884273, 8.265182, 8.883364, 8.703363, 9.511546, 10.29364, 
    10.24364, 10.20909, 11.64455, 12.15818, 13.92273, 14.84727, 16.33727, 
    17.06545, 16.75364, 15.66636, 14.99182, 15.4, 15.76818, 16.03545, 
    16.69727, 17.11364, 17.71909, 18.45727, 18.20091, 18.37091, 17.94364, 
    17.62546, 17.56545, 18.15454, 18.34182, 18.06364, 18.81454, 19.38909, 
    19.56727, 20.12364, 20.93091, 21.80727, 22.18909, 22.31454, 22.95364, 
    23.31818, 23.85636, 24.82545, 25.22091, 25.79182, 25.51546, 24.80818, 
    24.69455, 25.29273, 25.60455, 25.81545, 24.84455, 24.58, 24.63545, 
    24.79636, 25.05455, 25.49182, 25.80455, 25.93727, 25.59727, 25.57909, 
    25.31091, 25.30909, 25.22273, 24.75455, 24.58273, 23.89818, 24.08636, 
    24.24, 24.60636, 24.91636, 25.25364, 25.01364, 24.61546, 24.31091, 
    23.94182, 23.79, 23.80636, 23.55727, 23.28727, 23.37818, 23.71636, 
    23.65727, 23.63545, 23.34546, 23.21182, 23.00909, 22.53909, 22.44455, 
    21.95546, 21.58091, 21.54091, 21.53091, 21.07, 21.08091, 21.24636, 21.51, 
    21.83455, 22.39182, 22.14545, 22.14909, 22.42818, 22.75546, 22.57909, 
    22.39727, 22.17364, 21.91909, 21.99909, 21.44818, 21.08, 21.44364, 
    21.91727, 22.55273, 22.20364, 21.79455, 21.63909, 21.38182, 20.99818, 
    20.71091, 20.42546, 20.45818, 20.38364, 20.20364, 20.06, 19.75, 19.16, 
    18.37454, 17.83364, 17.24636, 16.72454, 16.61909, 16.28, 15.98, 16.01909, 
    16.38727, 15.95, 15.56182, 15.24, 14.94182, 14.51636, 14.02818, 13.72818, 
    13.57818, 13.30818, 13.31909, 13.1, 12.61, 12.17364, 11.75, 11.41, 
    11.19636, 10.79273, 10.43455, 10.09818, 9.695182, 9.274273, 8.917001, 
    8.844274, 8.607, 8.457001, 8.231545, 8.127001, 7.998818, 7.828818, 
    7.632454, 7.318818, 7.035182, 6.897, 6.695727, 6.506546, 6.325636, 
    6.154909, 6.166182, 6.131727, 6.111818, 5.931273, 5.716909, 5.513, 
    5.306364, 5.056545, 4.886091, 4.827, 4.626545, 4.571, 4.401909, 4.289909, 
    4.069, 3.961818, 3.680546, 3.310091, 2.808273, 2.447909, 2.533818, 2.703, 
    2.836909, 2.482727, 2.171182, 2.315818, 2.269091, 2.261818, 2.232364, 
    2.228637, 2.232546, 2.226727, 2.283818, 2.337091, 2.350091, 2.382455, 
    2.426, 2.371909, 2.288818, 2.420455, 2.468455, 2.474273, 2.406727, 2.297, 
    2.245728, 2.125273, 2.177, 2.323, 2.350637, 2.349273, 2.306364, 2.390091, 
    2.559637, 2.331364,
  1.62988, 1.6708, 1.69924, 1.7234, 1.75804, 1.76304, 1.7782, 1.81156, 1.858, 
    1.8834, 1.932, 1.97168, 2.01748, 2.0304, 2.00956, 2.00896, 2.0172, 
    2.01548, 2.03096, 2.03912, 2.03376, 2.025, 2.02224, 2.02728, 2.03856, 
    2.055, 2.0788, 2.0922, 2.09264, 2.10204, 2.10332, 2.09844, 2.08924, 
    2.09176, 2.08388, 2.07956, 2.0822, 2.08988, 2.09108, 2.0854, 2.08068, 
    2.07176, 2.06836, 2.06816, 2.07212, 2.07796, 2.07724, 2.07408, 2.0904, 
    2.10528, 2.10736, 2.09984, 2.09572, 2.1, 2.0976, 2.105, 2.10144, 2.10868, 
    2.09916, 2.09964, 2.09728, 2.0918, 2.09052, 2.10048, 2.10308, 2.09708, 
    2.09416, 2.0906, 2.0788, 2.0716, 2.06444, 2.07052, 2.0656, 2.05576, 
    2.03624, 2.0322, 2.02948, 2.02308, 1.97548, 1.90732, 1.908, 1.91176, 
    1.90024, 1.89916, 1.8926, 1.8892, 1.88564, 1.88252, 1.87316, 1.86528, 
    1.8634, 1.85868, 1.85292, 1.83636, 1.8374, 1.83332, 1.8376, 1.8332, 
    1.85048, 1.8514, 1.83496, 1.912, 2.06036, 2.1646, 2.43956, 2.81912, 
    3.201, 3.28876, 3.32408, 3.4848, 3.63176, 3.66176, 3.89496, 4.1168, 
    4.04912, 4.20692, 4.29316, 4.15144, 4.26952, 4.53, 5.0694, 5.23112, 
    5.32868, 5.29456, 5.70944, 5.91544, 6.38548, 6.23656, 6.00084, 6.10572, 
    6.28624, 6.24484, 6.60796, 7.18868, 6.89968, 7.33788, 7.73788, 7.93788, 
    7.88228, 8.180281, 8.64108, 8.656281, 9.47348, 10.2396, 10.2184, 10.1424, 
    10.9748, 11.556, 12.8796, 13.6632, 16.1212, 16.9664, 16.714, 15.67, 
    14.99, 14.9216, 15.3844, 15.8732, 16.4124, 16.6796, 17.4092, 18.27, 
    18.046, 18.2664, 17.9256, 17.6128, 17.5384, 18.0464, 18.3184, 18.0528, 
    18.584, 19.1224, 19.2232, 19.7608, 20.448, 21.2088, 21.9928, 22.192, 
    22.5004, 22.832, 23.5592, 24.4688, 24.99, 25.6692, 25.4812, 24.7956, 
    24.536, 25.0112, 25.4532, 25.7452, 24.8356, 24.4016, 24.4588, 24.5944, 
    24.9104, 25.3148, 25.646, 25.8236, 25.5396, 25.3356, 25.2712, 25.244, 
    25.2028, 24.704, 24.5628, 23.9, 23.906, 24.1552, 24.3628, 24.8352, 
    25.0588, 24.9812, 24.6028, 24.264, 23.94, 23.7196, 23.7756, 23.5356, 
    23.2296, 23.2808, 23.5704, 23.6428, 23.5236, 23.3328, 23.2028, 23, 
    22.5372, 22.3868, 21.95, 21.5412, 21.5156, 21.4912, 21.0628, 21.034, 
    21.1092, 21.4612, 21.616, 22.0812, 22.0608, 21.9688, 22.2676, 22.5932, 
    22.5628, 22.3756, 22.1628, 21.9028, 21.8852, 21.45, 21.08, 21.2344, 
    21.7028, 22.284, 22.1568, 21.7512, 21.594, 21.3656, 20.9928, 20.6568, 
    20.3696, 20.3536, 20.3512, 20.1928, 20.06, 19.7428, 19.16, 18.38, 
    17.8012, 17.25, 16.73, 16.5812, 16.28, 15.98, 15.9884, 16.3024, 15.95, 
    15.5528, 15.24, 14.9256, 14.5272, 14.0228, 13.7228, 13.5584, 13.31, 
    13.3028, 13.1, 12.61, 12.17, 11.7572, 11.41, 11.1928, 10.8, 10.4472, 
    10.1, 9.70228, 9.27948, 8.92228, 8.81348, 8.61948, 8.469481, 8.24228, 
    8.117881, 7.98788, 7.83948, 7.63228, 7.32228, 7.04804, 6.88996, 6.69996, 
    6.51904, 6.34176, 6.15184, 6.13808, 6.12484, 6.11016, 5.9432, 5.7236, 
    5.52804, 5.31592, 5.07904, 4.91436, 4.8382, 4.64288, 4.587, 4.4322, 
    4.30492, 4.08724, 3.96976, 3.70368, 3.41988, 3.065, 2.98276, 3.15784, 
    3.17724, 2.93952, 2.5652, 2.52812, 2.618, 2.65888, 2.6808, 2.68544, 
    2.7126, 2.74312, 2.78112, 2.84584, 2.89048, 2.89924, 2.93636, 2.98416, 
    2.97276, 3.00532, 3.03364, 3.04276, 3.05716, 3.04512, 3.02996, 3.0298, 
    3.00976, 3.03444, 3.0886, 3.12948, 3.1532, 3.13784, 3.18804, 3.2136, 
    3.2438,
  1.82378, 1.81472, 1.83294, 1.84212, 1.87018, 1.9078, 1.88922, 1.90942, 
    1.95544, 1.96964, 2.00284, 2.02418, 2.0515, 2.07156, 2.07214, 2.07616, 
    2.07054, 2.07554, 2.08276, 2.09372, 2.09774, 2.11936, 2.13214, 2.14026, 
    2.1444, 2.1516, 2.1628, 2.16878, 2.17272, 2.18478, 2.18788, 2.19182, 
    2.19074, 2.19774, 2.19966, 2.2036, 2.21352, 2.22246, 2.23136, 2.23814, 
    2.2421, 2.25278, 2.2547, 2.25674, 2.26854, 2.2706, 2.2745, 2.27638, 
    2.28948, 2.30254, 2.3035, 2.30424, 2.30418, 2.31504, 2.31404, 2.31416, 
    2.319, 2.32512, 2.32484, 2.33568, 2.33766, 2.34156, 2.34448, 2.35948, 
    2.36838, 2.36826, 2.3722, 2.37214, 2.37098, 2.36994, 2.37566, 2.38846, 
    2.38354, 2.37846, 2.3742, 2.37716, 2.38396, 2.37994, 2.36454, 2.34398, 
    2.34592, 2.34604, 2.339, 2.34198, 2.34578, 2.34672, 2.3545, 2.35642, 
    2.34832, 2.34226, 2.34514, 2.33916, 2.33718, 2.33084, 2.33384, 2.3348, 
    2.33978, 2.34266, 2.35672, 2.3547, 2.3258, 2.36252, 2.48498, 2.51894, 
    2.68456, 2.8985, 3.15494, 3.29786, 3.34172, 3.52064, 3.6704, 3.71426, 
    3.95502, 4.13164, 4.0431, 4.1785, 4.29596, 4.15592, 4.25524, 4.49556, 
    4.9112, 5.21922, 5.20282, 5.24682, 5.62838, 5.89332, 6.20516, 6.22522, 
    5.99118, 6.06666, 6.26538, 6.24008, 6.51136, 6.97854, 6.79202, 7.29574, 
    7.68594, 7.89574, 7.85554, 8.05694, 8.37914, 8.488139, 9.39634, 10.0436, 
    10.1218, 9.968101, 10.5352, 11.017, 11.992, 12.476, 13.3058, 14.6564, 
    15.2202, 14.6704, 14.9116, 14.643, 14.7208, 15.2418, 15.8986, 15.785, 
    16.4082, 17.6512, 17.5098, 17.691, 17.8906, 17.5904, 17.481, 17.8042, 
    18.0062, 17.9618, 18.1962, 18.6184, 18.6198, 19.1308, 19.4666, 20.0888, 
    20.5774, 20.9544, 21.302, 21.3858, 21.9212, 23.4286, 24.3124, 24.748, 
    25.2152, 24.6626, 24.235, 24.6948, 24.9688, 25.2986, 24.7908, 24.1636, 
    24.2138, 24.3536, 24.615, 24.9858, 25.2862, 25.643, 25.4122, 25.0934, 
    25.162, 25.1418, 25.1412, 24.5528, 24.4816, 23.8706, 23.6638, 23.9634, 
    24.1234, 24.5258, 24.6668, 24.8524, 24.551, 24.1814, 23.891, 23.6216, 
    23.7112, 23.3928, 23.1022, 23.0736, 23.3632, 23.5714, 23.3626, 23.281, 
    23.1608, 22.9314, 22.4812, 22.2524, 21.9108, 21.4124, 21.4414, 21.3722, 
    21.0502, 20.9514, 21.0014, 21.3422, 21.364, 21.7158, 21.7556, 21.7826, 
    22.0534, 22.3244, 22.462, 22.321, 22.111, 21.851, 21.713, 21.4304, 
    21.0506, 21.0524, 21.4144, 21.8766, 22.0224, 21.642, 21.482, 21.3208, 
    20.9802, 20.5518, 20.252, 20.2122, 20.291, 20.1606, 20.0404, 19.7106, 
    19.1404, 18.3702, 17.7508, 17.25, 16.7104, 16.521, 16.2506, 15.98, 
    15.9506, 16.1918, 15.9402, 15.5206, 15.2302, 14.8808, 14.53, 14.0004, 
    13.7102, 13.5206, 13.2904, 13.2804, 13.1, 12.6002, 12.1602, 11.76, 
    11.3904, 11.1704, 10.8098, 10.45, 10.1, 9.70494, 9.28494, 8.92494, 
    8.76574, 8.61514, 8.47494, 8.24494, 8.08554, 7.96534, 7.83514, 7.62514, 
    7.32494, 7.0451, 6.88114, 6.69506, 6.52492, 6.34792, 6.15002, 6.11036, 
    6.12106, 6.11198, 5.9509, 5.72794, 5.53196, 5.32782, 5.0908, 4.9229, 
    4.82126, 4.6489, 4.58602, 4.4399, 4.31584, 4.10572, 3.97886, 3.72762, 
    3.45852, 3.21494, 3.21054, 3.29994, 3.25186, 3.00308, 2.63296, 2.65832, 
    2.7132, 2.71404, 2.7438, 2.76552, 2.79744, 2.8078, 2.836, 2.8814, 
    2.91358, 2.92066, 2.94686, 2.98598, 3.00244, 3.01778, 3.04778, 3.05186, 
    3.07088, 3.08782, 3.08386, 3.10288, 3.14234, 3.16618, 3.15272, 3.16784, 
    3.19786, 3.21988, 3.22486, 3.23586, 3.26494,
  1.995, 1.9586, 1.995, 2.0136, 2.014, 2.0414, 2.0526, 2.0706, 2.0854, 
    2.0844, 2.1074, 2.1062, 2.1268, 2.1472, 2.1666, 2.156, 2.1472, 2.1522, 
    2.1512, 2.1646, 2.1796, 2.2038, 2.2108, 2.2206, 2.2352, 2.24, 2.2426, 
    2.2368, 2.2342, 2.237, 2.2436, 2.2474, 2.2514, 2.2672, 2.2742, 2.2764, 
    2.2866, 2.299, 2.308, 2.3184, 2.319, 2.3256, 2.3306, 2.3304, 2.3482, 
    2.3492, 2.35, 2.3584, 2.3742, 2.3814, 2.3806, 2.3774, 2.3782, 2.3892, 
    2.3962, 2.397, 2.3986, 2.4058, 2.407, 2.4118, 2.4148, 2.4164, 2.4188, 
    2.433, 2.4418, 2.4434, 2.45, 2.4514, 2.4496, 2.4568, 2.462, 2.4728, 
    2.4742, 2.4788, 2.4746, 2.4788, 2.4832, 2.4846, 2.4822, 2.4752, 2.4784, 
    2.4786, 2.4754, 2.4816, 2.4902, 2.4954, 2.5024, 2.509, 2.5116, 2.5078, 
    2.509, 2.5118, 2.5126, 2.513, 2.5204, 2.5226, 2.5278, 2.5364, 2.545, 
    2.549, 2.5518, 2.5818, 2.634, 2.67, 2.767, 2.909, 3.126, 3.2964, 3.3468, 
    3.5286, 3.6946, 3.7084, 3.967, 4.1332, 4.0388, 4.1622, 4.2884, 4.1518, 
    4.2422, 4.4702, 4.7612, 5.193, 5.1314, 5.1696, 5.511, 5.8618, 6.092, 
    6.1484, 5.978, 6.0452, 6.2242, 6.2358, 6.3548, 6.6928, 6.6594, 7.255, 
    7.623, 7.849, 7.837, 7.901, 7.927, 8.163, 9.205, 9.823, 9.827001, 9.759, 
    10.194, 10.422, 10.9, 11.146, 11.258, 11.558, 11.736, 11.764, 11.894, 
    11.954, 12.26, 12.754, 13.16, 13.354, 13.542, 13.874, 13.982, 14.324, 
    14.58, 15.004, 15.22, 15.766, 15.502, 15.706, 16.916, 17.48, 17.476, 
    17.652, 17.838, 17.87, 17.996, 18.138, 18.334, 18.46, 18.734, 19.044, 
    19.276, 19.432, 19.682, 19.786, 20.164, 20.546, 20.714, 20.978, 20.988, 
    21.306, 21.46, 21.686, 21.906, 22.188, 22.378, 22.758, 23.012, 23.094, 
    23.044, 23.492, 24.07, 23.504, 23.686, 23.68, 23.532, 23.576, 23.756, 
    23.872, 24.044, 24.126, 24.318, 24.07, 23.852, 23.604, 23.672, 23.29, 
    23.06, 23.016, 23.206, 23.334, 23.278, 23.252, 23.154, 22.908, 22.5, 
    22.212, 21.916, 21.372, 21.396, 21.28, 21.044, 20.924, 20.968, 21.05, 
    21.138, 21.38, 21.456, 21.628, 21.88, 22.01, 22.06, 22.19, 22.094, 
    21.846, 21.668, 21.44, 21.086, 21.008, 21.216, 21.468, 21.812, 21.554, 
    21.436, 21.324, 21.012, 20.492, 20.228, 20.158, 20.24, 20.18, 20.066, 
    19.726, 19.156, 18.396, 17.75, 17.266, 16.736, 16.498, 16.276, 15.996, 
    15.95, 16.06, 15.934, 15.51, 15.246, 14.88, 14.546, 14, 13.716, 13.52, 
    13.316, 13.28, 13.11, 12.6, 12.166, 11.77, 11.38, 11.164, 10.82, 10.46, 
    10.11, 9.719, 9.299, 8.929, 8.753, 8.629, 8.479, 8.249001, 8.079, 7.969, 
    7.849, 7.623, 7.323, 7.059, 6.8812, 6.6958, 6.5304, 6.3544, 6.1512, 
    6.0926, 6.1178, 6.1132, 5.9576, 5.7324, 5.5358, 5.3344, 5.0938, 4.9252, 
    4.8106, 4.6524, 4.584, 4.4412, 4.3202, 4.112, 3.9848, 3.7472, 3.485, 
    3.358, 3.3708, 3.3934, 3.3018, 3.0482, 2.717, 2.781, 2.8126, 2.7976, 
    2.836, 2.8828, 2.9174, 2.9318, 2.9206, 2.928, 2.9572, 2.974, 2.9756, 
    3.0124, 3.0316, 3.0366, 3.0596, 3.0674, 3.0732, 3.1034, 3.1174, 3.126, 
    3.159, 3.1664, 3.1626, 3.1746, 3.1974, 3.2214, 3.2238, 3.2346, 3.2618,
  2.18132, 2.16896, 2.1874, 2.21516, 2.2182, 2.23396, 2.25116, 2.2576, 2.266, 
    2.28756, 2.31532, 2.31884, 2.30168, 2.30448, 2.31796, 2.32456, 2.33516, 
    2.3364, 2.34464, 2.35548, 2.36756, 2.38344, 2.38808, 2.39416, 2.40412, 
    2.40804, 2.40824, 2.40472, 2.40456, 2.41356, 2.42052, 2.42956, 2.43484, 
    2.4486, 2.4536, 2.45144, 2.46416, 2.46176, 2.46448, 2.48084, 2.48392, 
    2.4884, 2.4952, 2.5002, 2.51324, 2.5196, 2.52112, 2.52432, 2.5328, 
    2.54128, 2.54324, 2.54248, 2.54348, 2.55376, 2.55672, 2.55616, 2.5536, 
    2.55176, 2.5528, 2.55972, 2.566, 2.57024, 2.5788, 2.5926, 2.59584, 
    2.5936, 2.60204, 2.60924, 2.60936, 2.61836, 2.62284, 2.62856, 2.62152, 
    2.62956, 2.63152, 2.63804, 2.64936, 2.6554, 2.6568, 2.6266, 2.61644, 
    2.62376, 2.6372, 2.65476, 2.66016, 2.66284, 2.67216, 2.68184, 2.6824, 
    2.68512, 2.68656, 2.68028, 2.66992, 2.6768, 2.69392, 2.70104, 2.70908, 
    2.704, 2.70164, 2.70468, 2.70712, 2.72888, 2.75448, 2.77192, 2.8294, 
    2.92056, 3.11692, 3.29496, 3.34796, 3.53724, 3.73336, 3.7532, 3.99788, 
    4.139, 4.043, 4.15496, 4.27944, 4.15524, 4.23068, 4.44812, 4.66692, 
    5.15104, 5.08884, 5.08032, 5.37604, 5.79008, 5.99164, 5.97256, 5.92864, 
    6.01712, 6.15236, 6.22696, 6.261, 6.44924, 6.49572, 7.13316, 7.43036, 
    7.61716, 7.73796, 7.69076, 7.55556, 7.64636, 8.794359, 9.36716, 9.23436, 
    9.39196, 9.71316, 9.81844, 9.84764, 9.91724, 9.96204, 10.09444, 10.11524, 
    10.13604, 10.1692, 10.2588, 10.348, 10.4128, 10.498, 10.5716, 10.5836, 
    10.7132, 10.7612, 10.8504, 10.8752, 10.9572, 11.0624, 11.2092, 11.3576, 
    11.44, 11.6892, 11.7792, 11.8644, 12.0136, 12.0144, 12.1756, 12.3292, 
    12.3664, 12.472, 12.5964, 12.7464, 12.8796, 12.9604, 13.1044, 13.1772, 
    13.322, 13.4044, 13.5664, 13.6632, 13.7128, 13.8436, 13.9428, 14.0672, 
    14.2224, 14.3168, 14.4392, 14.5884, 14.7804, 14.7816, 15.0176, 15.0964, 
    15.3464, 15.4132, 15.5488, 15.7072, 15.8144, 15.9396, 16.1196, 16.2476, 
    16.478, 16.5828, 16.7144, 16.8724, 16.98, 17.082, 17.304, 17.42, 17.5348, 
    17.8556, 17.9652, 18.1116, 18.2424, 18.4804, 18.5744, 18.7664, 18.806, 
    19.3032, 19.682, 19.8572, 20.8824, 20.842, 20.5704, 20.638, 20.6804, 
    20.4196, 20.4828, 20.6204, 20.586, 20.6304, 20.6392, 20.6076, 20.7452, 
    20.776, 20.7952, 20.9624, 21.1392, 21.2964, 21.0176, 20.974, 20.8768, 
    20.936, 20.9824, 20.9068, 20.9436, 20.9992, 21.1132, 20.9648, 20.3644, 
    20.122, 20.0396, 20.0312, 20.072, 20.04, 19.6648, 19.12, 18.3776, 17.7, 
    17.2576, 16.7176, 16.3896, 16.2424, 15.9776, 15.91, 15.9496, 15.8924, 
    15.4624, 15.23, 14.8424, 14.5376, 13.98, 13.7, 13.5, 13.3076, 13.2172, 
    13.1, 12.59, 12.1576, 11.7676, 11.36, 11.1424, 10.8176, 10.4576, 10.1076, 
    9.71636, 9.298759, 8.92636, 8.73876, 8.628759, 8.47876, 8.248759, 
    8.06876, 7.96876, 7.84876, 7.61876, 7.31876, 7.05876, 6.88052, 6.69752, 
    6.53176, 6.35752, 6.15176, 6.08448, 6.10644, 6.11224, 5.96428, 5.73676, 
    5.54, 5.34328, 5.09824, 4.92824, 4.80748, 4.66076, 4.58624, 4.44524, 
    4.32876, 4.12704, 3.99628, 3.77232, 3.5166, 3.4294, 3.43164, 3.47012, 
    3.376, 3.09188, 2.90304, 2.93276, 2.90952, 2.91764, 2.9718, 2.99008, 
    3.00644, 3.0122, 3.0236, 3.03276, 3.05148, 3.06292, 3.0654, 3.0718, 
    3.04552, 3.04, 3.07588, 3.1284, 3.13316, 3.14336, 3.17688, 3.18476, 
    3.20096, 3.17932, 3.17176, 3.18476, 3.2098, 3.24516, 3.23504, 3.24276, 
    3.26548,
  2.4408, 2.49804, 2.48044, 2.49712, 2.50464, 2.51036, 2.51752, 2.51952, 
    2.53188, 2.54572, 2.56264, 2.56344, 2.55152, 2.54608, 2.56056, 2.55832, 
    2.56368, 2.5662, 2.57876, 2.59204, 2.60464, 2.6158, 2.6208, 2.6268, 
    2.6368, 2.6432, 2.64348, 2.64232, 2.64276, 2.6406, 2.61276, 2.59624, 
    2.59756, 2.61428, 2.64796, 2.6328, 2.62972, 2.64428, 2.64444, 2.64816, 
    2.643, 2.64284, 2.65096, 2.6648, 2.6878, 2.69696, 2.69684, 2.69328, 
    2.69568, 2.70212, 2.71056, 2.71792, 2.72336, 2.73364, 2.72592, 2.72984, 
    2.73224, 2.74272, 2.76228, 2.75988, 2.7516, 2.75088, 2.75824, 2.76652, 
    2.76836, 2.77192, 2.77988, 2.78532, 2.78204, 2.79312, 2.80096, 2.80388, 
    2.7992, 2.80672, 2.81636, 2.8372, 2.85288, 2.8536, 2.84372, 2.82176, 
    2.81916, 2.81504, 2.81104, 2.82144, 2.82772, 2.83792, 2.84864, 2.86028, 
    2.86104, 2.85964, 2.86528, 2.86964, 2.8736, 2.85536, 2.85876, 2.87132, 
    2.89564, 2.91064, 2.91036, 2.91072, 2.91944, 2.92348, 2.93164, 2.93756, 
    2.97044, 3.01224, 3.13504, 3.29472, 3.35268, 3.54356, 3.74756, 3.77144, 
    3.99232, 4.13416, 4.047, 4.14332, 4.2656, 4.15756, 4.20964, 4.4118, 
    4.60356, 5.09116, 5.05164, 4.94128, 5.26244, 5.6454, 5.74444, 5.62444, 
    5.73976, 5.96628, 6.00552, 6.19868, 6.19756, 6.28944, 6.2204, 6.97772, 
    7.13892, 7.14772, 7.40892, 7.31252, 7.33452, 7.20892, 8.07172, 7.88052, 
    8.21532, 8.30532, 8.27372, 8.33892, 8.455719, 8.375719, 8.45692, 8.59732, 
    8.48292, 8.568919, 8.55892, 8.60732, 8.60172, 8.74132, 8.691719, 8.70332, 
    8.79332, 8.817719, 8.79492, 8.80892, 8.894919, 8.929319, 8.99212, 
    8.97932, 9.059319, 9.129319, 9.173719, 9.18372, 9.202519, 9.238119, 
    9.29972, 9.322519, 9.33132, 9.43292, 9.46452, 9.50012, 9.561319, 
    9.630119, 9.64452, 9.672919, 9.72332, 9.78828, 9.847079, 9.910279, 
    9.94148, 9.98708, 10.03028, 10.05588, 10.13868, 10.18028, 10.23468, 
    10.29908, 10.36068, 10.43068, 10.43628, 10.52228, 10.55508, 10.61108, 
    10.65068, 10.68108, 10.74388, 10.79548, 10.81268, 10.8568, 10.8824, 
    10.9168, 10.9772, 11.0396, 11.04, 11.0824, 11.17, 11.126, 11.1604, 
    11.2232, 11.3292, 11.352, 11.3892, 11.4076, 11.4896, 11.528, 11.5168, 
    11.5668, 11.64, 11.6456, 11.7456, 11.7072, 11.7644, 11.8256, 11.972, 
    11.9576, 11.9488, 12.012, 12.0996, 12.2128, 12.1968, 12.3316, 12.3788, 
    12.4332, 12.4676, 12.562, 12.6528, 12.6768, 12.664, 12.8592, 12.9776, 
    12.9776, 13.0624, 13.2016, 13.1164, 13.1512, 13.3164, 13.4276, 13.3692, 
    13.408, 13.5688, 13.6744, 13.7732, 13.854, 13.8372, 14.0208, 14.094, 
    14.6468, 15.2224, 15.232, 15.3616, 15.14, 15.0976, 15.0864, 15.0296, 
    15.1884, 15.1732, 14.888, 15.0528, 14.7748, 14.502, 13.956, 13.6872, 
    13.4744, 13.3044, 13.1532, 13.0888, 12.5872, 12.1544, 11.77, 11.3572, 
    11.1344, 10.82, 10.46, 10.11, 9.71812, 9.30812, 8.92812, 8.72812, 
    8.63532, 8.48812, 8.24812, 8.06812, 7.96812, 7.85812, 7.61532, 7.31812, 
    7.05884, 6.87532, 6.69884, 6.53572, 6.361, 6.15244, 6.08272, 6.08604, 
    6.10716, 5.97028, 5.74, 5.542, 5.35156, 5.09956, 4.932, 4.80616, 4.66428, 
    4.58772, 4.44844, 4.33428, 4.13784, 4.00528, 3.79112, 3.54992, 3.45652, 
    3.46152, 3.55776, 3.46296, 3.12408, 3.02452, 3.0328, 3.06972, 3.04216, 
    3.0702, 3.08292, 3.07688, 3.10552, 3.11696, 3.13396, 3.15236, 3.15892, 
    3.16708, 3.17496, 3.16992, 3.16556, 3.19544, 3.22708, 3.21624, 3.23568, 
    3.25672, 3.28028, 3.29708, 3.28628, 3.26424, 3.26324, 3.28104, 3.3142, 
    3.3036, 3.2946, 3.28368,
  2.863627, 2.86168, 2.880101, 2.874258, 2.880995, 2.880626, 2.873573, 
    2.876047, 2.889836, 2.892047, 2.896468, 2.906626, 2.915205, 2.918047, 
    2.925415, 2.928205, 2.929415, 2.930257, 2.938889, 2.947731, 2.955362, 
    2.965362, 2.968204, 2.967047, 2.97052, 2.986468, 2.978362, 2.95173, 
    2.963098, 2.969098, 2.965572, 2.932887, 2.927361, 2.927625, 2.930204, 
    2.94073, 2.960676, 2.975359, 2.981465, 2.994833, 2.996834, 2.998993, 
    3.008783, 3.029522, 2.997206, 2.995418, 3.011523, 3.006101, 3.017258, 
    3.025311, 3.04689, 3.058626, 3.073784, 3.100732, 3.105153, 3.101416, 
    3.115047, 3.135309, 3.151098, 3.146414, 3.138519, 3.128466, 3.124677, 
    3.130361, 3.155836, 3.173152, 3.178204, 3.176835, 3.17573, 3.171783, 
    3.171414, 3.186256, 3.191888, 3.192309, 3.18252, 3.192309, 3.21152, 
    3.216151, 3.200046, 3.178203, 3.179992, 3.186098, 3.18094, 3.200361, 
    3.207414, 3.219467, 3.233204, 3.239624, 3.240519, 3.238887, 3.245783, 
    3.227835, 3.230308, 3.244361, 3.237204, 3.226677, 3.234677, 3.251836, 
    3.252784, 3.256152, 3.252888, 3.240415, 3.256626, 3.26552, 3.292626, 
    3.309206, 3.331311, 3.328207, 3.371052, 3.555789, 3.753579, 3.764895, 
    3.94521, 4.126685, 4.052052, 4.132579, 4.24379, 4.161631, 4.180053, 
    4.365264, 4.521949, 4.971425, 4.954742, 4.816581, 5.109476, 5.398319, 
    5.46732, 5.355951, 5.525952, 5.873844, 5.854109, 6.096845, 6.08474, 
    6.084424, 6.044687, 6.760953, 6.69643, 6.736744, 6.952588, 6.744426, 
    6.950166, 6.874901, 7.223117, 7.067536, 7.105852, 7.276803, 7.22543, 
    7.144062, 7.186273, 7.194168, 7.274695, 7.227115, 7.207746, 7.21943, 
    7.200062, 7.207536, 7.209219, 7.358383, 7.276694, 7.253115, 7.307853, 
    7.317853, 7.288905, 7.335012, 7.325958, 7.315854, 7.349222, 7.349643, 
    7.375223, 7.434066, 7.434066, 7.463541, 7.449856, 7.454593, 7.524066, 
    7.485646, 7.519331, 7.543541, 7.538806, 7.557226, 7.616701, 7.600911, 
    7.652491, 7.626701, 7.648281, 7.664071, 7.706176, 7.729861, 7.755651, 
    7.769336, 7.745651, 7.783546, 7.837231, 7.829336, 7.847231, 7.883021, 
    7.916706, 7.978811, 7.931441, 7.992496, 7.990916, 8.086181, 8.078811, 
    8.059866, 8.099866, 8.125655, 8.133551, 8.131446, 8.15355, 8.143551, 
    8.169866, 8.209341, 8.209866, 8.240921, 8.22671, 8.256711, 8.228816, 
    8.264606, 8.29829, 8.314081, 8.324081, 8.358291, 8.354081, 8.377766, 
    8.326186, 8.399871, 8.409871, 8.381975, 8.453555, 8.394081, 8.424081, 
    8.457766, 8.487766, 8.455661, 8.45145, 8.485135, 8.527241, 8.519346, 
    8.560925, 8.584611, 8.60303, 8.633031, 8.62882, 8.64461, 8.680401, 
    8.636716, 8.654611, 8.738296, 8.79198, 8.754086, 8.75619, 8.772506, 
    8.695135, 8.766191, 8.82777, 8.781981, 8.815666, 8.769876, 8.859876, 
    8.891456, 8.897245, 8.920931, 8.845666, 8.871455, 8.895141, 8.86935, 
    8.928825, 8.94672, 8.90514, 8.91514, 8.90935, 8.97251, 8.997246, 
    9.041986, 8.933036, 8.988826, 9.002511, 9.08988, 9.05409, 9.111461, 
    9.21304, 9.096195, 9.212516, 9.282516, 9.739112, 10.27702, 9.957537, 
    10.82599, 10.61124, 10.43281, 10.22965, 10.00069, 9.937493, 9.675636, 
    9.290896, 8.931422, 8.711422, 8.635632, 8.485631, 8.243526, 8.061421, 
    7.965631, 7.855631, 7.611421, 7.315631, 7.063527, 6.866, 6.703421, 
    6.532158, 6.36221, 6.146947, 6.079316, 6.069106, 6.099105, 5.975421, 
    5.736526, 5.541579, 5.360053, 5.100948, 4.931211, 4.801948, 4.669842, 
    4.58679, 4.450842, 4.341263, 4.145473, 4.014263, 3.809315, 3.594894, 
    3.496368, 3.515577, 3.688998, 3.587997, 3.192998, 3.132209, 3.160102, 
    3.232838, 3.181259, 3.208996, 3.220206, 3.220681, 3.240839, 3.237365, 
    3.273733, 3.301786, 3.313997, 3.310945, 3.341102, 3.346629, 3.339682, 
    3.362313, 3.386103, 3.375894, 3.39305, 3.414945, 3.423736, 3.428998, 
    3.388734, 3.405524, 3.415314, 3.402892, 3.393786, 3.399891, 3.424365, 
    3.413418,
  _, _, _, _, _, _, _, _, _, _, _, _, _, _, _, _, _, _, _, _, _, _, _, _, _, 
    _, _, _, _, _, _, _, _, _, _, _, _, _, _, _, _, _, _, _, _, _, _, _, _, 
    _, _, _, _, _, _, _, _, _, _, _, _, _, _, _, _, _, _, _, _, _, _, _, _, 
    _, _, _, _, _, _, _, _, _, _, _, _, _, _, _, _, _, _, _, _, _, _, _, _, 
    _, _, _, _, _, _, _, _, _, _, _, _, _, _, _, _, _, _, _, _, _, _, _, _, 
    _, _, _, _, _, _, _, _, _, _, _, _, _, _, _, _, _, _, _, _, _, _, _, _, 
    _, _, _, _, _, _, _, _, _, _, _, _, _, _, _, _, _, _, _, _, _, _, _, _, 
    _, _, _, _, _, _, _, _, _, _, _, _, _, _, _, _, _, _, _, _, _, _, _, _, 
    _, _, _, _, _, _, _, _, _, _, _, _, _, _, _, _, _, _, _, _, _, _, _, _, 
    _, _, _, _, _, _, _, _, _, _, _, _, _, _, _, _, _, _, _, _, _, _, _, _, 
    _, _, _, _, _, _, _, _, _, _, _, _, _, _, _, _, _, _, _, _, _, _, _, _, 
    _, _, _, _, _, _, _, _, _, _, _, _, _, _, _, _, _, _, _, _, _, _, _, _, 
    _, _, _, _, _, _, _, _, _, _, _, _, _, _, _, _, _, _, _, _, _, _, _, _, 
    _, _, _, _, _, _, _, _, _, _, _, _, _, _, _, _, _, _, _, _, _, _, _, _, 
    _, _, _, _, _, _, _, _, _, _, _, _, _, _, _, _, _, _, _, _, _, _, _, _, 
    _, _, _, _ ;

 lake = 0.05, 0.28, 0.8200001, 1.72, 2.98, 4.6, 6.76, 9.280001, 12.421, 16.151 ;

 time = 1, 2, 3, 4, 5, 6, 7, 8, 9, 10, 11, 12, 13, 14, 15, 16, 17, 18, 19, 
    20, 21, 22, 23, 24, 25, 26, 27, 28, 29, 30, 31, 32, 33, 34, 35, 36, 37, 
    38, 39, 40, 41, 42, 43, 44, 45, 46, 47, 48, 49, 50, 51, 52, 53, 54, 55, 
    56, 57, 58, 59, 60, 61, 62, 63, 64, 65, 66, 67, 68, 69, 70, 71, 72, 73, 
    74, 75, 76, 77, 78, 79, 80, 81, 82, 83, 84, 85, 86, 87, 88, 89, 90, 91, 
    92, 93, 94, 95, 96, 97, 98, 99, 100, 101, 102, 103, 104, 105, 106, 107, 
    108, 109, 110, 111, 112, 113, 114, 115, 116, 117, 118, 119, 120, 121, 
    122, 123, 124, 125, 126, 127, 128, 129, 130, 131, 132, 133, 134, 135, 
    136, 137, 138, 139, 140, 141, 142, 143, 144, 145, 146, 147, 148, 149, 
    150, 151, 152, 153, 154, 155, 156, 157, 158, 159, 160, 161, 162, 163, 
    164, 165, 166, 167, 168, 169, 170, 171, 172, 173, 174, 175, 176, 177, 
    178, 179, 180, 181, 182, 183, 184, 185, 186, 187, 188, 189, 190, 191, 
    192, 193, 194, 195, 196, 197, 198, 199, 200, 201, 202, 203, 204, 205, 
    206, 207, 208, 209, 210, 211, 212, 213, 214, 215, 216, 217, 218, 219, 
    220, 221, 222, 223, 224, 225, 226, 227, 228, 229, 230, 231, 232, 233, 
    234, 235, 236, 237, 238, 239, 240, 241, 242, 243, 244, 245, 246, 247, 
    248, 249, 250, 251, 252, 253, 254, 255, 256, 257, 258, 259, 260, 261, 
    262, 263, 264, 265, 266, 267, 268, 269, 270, 271, 272, 273, 274, 275, 
    276, 277, 278, 279, 280, 281, 282, 283, 284, 285, 286, 287, 288, 289, 
    290, 291, 292, 293, 294, 295, 296, 297, 298, 299, 300, 301, 302, 303, 
    304, 305, 306, 307, 308, 309, 310, 311, 312, 313, 314, 315, 316, 317, 
    318, 319, 320, 321, 322, 323, 324, 325, 326, 327, 328, 329, 330, 331, 
    332, 333, 334, 335, 336, 337, 338, 339, 340, 341, 342, 343, 344, 345, 
    346, 347, 348, 349, 350, 351, 352, 353, 354, 355, 356, 357, 358, 359, 
    360, 361, 362, 363, 364, 365 ;
}
